Case #1:
4.000000000
4.000000000
4.000000000
4.000000000
4.000000000
4.000000000
4.000000000
Case #2:
23006.000000000
53438.316108649
40676.670463547
Case #3:
13547572.000000000
153.528778287
24023.418240798
2646.108893610
614635655.000000000
31319.132199334
Case #4:
3246708.687854451
1369042.967082581
544394.632970415
3466261.930241302
2307708.537301952
2775274.115074419
693660.457996957
2721867.190641049
5822073.423344299
1272495.289012105
Case #5:
1.732050808
3.000000000
1.000000000
3.000000000
Case #6:
8.000000000
Case #7:
9.000000000
9.000000000
9.000000000
Case #8:
1000000000.000000000
Case #9:
4.000000000
49186.768190072
26019441.935082544
26019441.935082544
91829.000000000
323970166.000000000
26019441.935082544
49186.768190072
91829.000000000
5454342.891092748
Case #10:
35708.000000000
35708.000000000
35708.000000000
35708.000000000
35708.000000000
35708.000000000
35708.000000000
35708.000000000
35708.000000000
Case #11:
233.250176694
7.071067812
27286.636473212
1502462.886026806
13118.046576208
Case #12:
118.149957773
151.802620651
428.084103886
176.679226330
536.089523206
286.048431877
99947.000000000
140.921069785
2472.466140542
510.383385104
Case #13:
83327.000000000
Case #14:
1785580.597607305
625058.258935698
51212.616267869
625058.258935698
52298.769190432
57752.198139984
655090.527561425
4812680.581672953
Case #15:
52.494784062
30633.938121699
30633.938121699
4.000000000
34524.912361422
1106941.878479637
190.170975703
582314000.205535800
Case #16:
1.414213562
2.449489743
Case #17:
400883541.309837600
496504069.054642300
443704758.485926700
Case #18:
6.928203230
21703.120080505
80.194213501
19013.264493675
2.000000000
80.194213501
37560.117179037
5147251.749710228
64226.896930511
2445.856261461
Case #19:
4028.064433331
344.441577049
93.996076492
79026.824944068
2964.721016685
590.542970494
18440.406432736
2964.721016685
5290.863568372
437891.934980405
Case #20:
847246.073253152
271300830.627548800
5827686.232684878
6.000000000
11624.331481004
1705.691157485
58700.682994323
Case #21:
4679859.079674942
21306.120059739
10.000000000
96491.000000000
6024.000000000
245.438383306
4679859.079674942
1655.781070578
245.438383306
4679859.079674942
Case #22:
3289.648220969
604.656561201
187634.258347039
9.000000000
8457.492151653
Case #23:
53260.523761448
53260.523761448
5480.510091294
Case #24:
506.426697558
506.426697558
506.426697558
64117.000000000
64117.000000000
4.000000000
506.426697558
64117.000000000
Case #25:
234912.412607134
423374.904994898
59977.442209551
96309.938446634
52910.386910724
434034.807116270
821598.848517528
52910.386910724
616874.246412910
5368270.691965245
Case #26:
4663856.780156097
4663856.780156097
Case #27:
121.871763491
475.674258290
470796518.000000000
5403.008267945
470796518.000000000
470796518.000000000
121.871763491
Case #28:
1140519.514795906
42.504561651
53603.916860396
5513.599371893
12211.930685277
458.096321265
914.603303430
3011.115289252
458.096321265
1140519.514795906
Case #29:
854.610521871
2145.605833895
44800.859701573
2794.740968882
2721567.724623071
96779.000000000
203995.919677433
23116.158763571
21933.559404569
6115.964177959
Case #30:
86765.000000000
Case #31:
655.288943961
22300.047590509
17160.435902263
247.138424279
449390.399562448
131.113899735
57.940074891
60820.290199900
500.439806570
Case #32:
453100884.000000000
Case #33:
1309325.223698951
1816463.375558488
6728884.769149714
6728884.769149714
3909048.635688650
67466.000000000
50955788.096976730
818471.709887054
588651.278545823
385872611.831350600
Case #34:
25573.103562179
127901.574617667
1169620.765826755
33769.899658613
109.380071311
77742.380343772
502.033404654
Case #35:
45082.824684625
66563.194137869
782359.681130607
46779.421389644
614.491659829
3027029.676392354
88376.182594633
3561178.138946717
10.000000000
45082.824684625
Case #36:
972046818.000000000
972046818.000000000
972046818.000000000
972046818.000000000
972046818.000000000
972046818.000000000
972046818.000000000
972046818.000000000
Case #37:
101317656.000000000
3195.692651434
383.476205259
100.969830547
Case #38:
48022.100287264
50497.156020810
261411.911382892
50497.156020810
10.000000000
49658.278878932
129412.059551280
2615.511283951
1027161.680693653
15595.965183341
Case #39:
33615.000000000
33615.000000000
33615.000000000
33615.000000000
33615.000000000
33615.000000000
33615.000000000
33615.000000000
Case #40:
4929885.234289730
14112657.110020295
394278.180609230
386763504.969384130
9965121.825644284
35141.655629981
28911480.068396974
177865.064030800
518899.267373998
4995220.916182577
Case #41:
4383282.566086060
4383282.566086060
4383282.566086060
78202.000000000
245686377.000000000
4383282.566086060
Case #42:
6.000000000
365609.390358760
12363.441123176
156327.399402845
76876.000000000
5338961.836456971
14549.843053417
Case #43:
880749.371978106
949235331.000000000
4374933.299335561
880749.371978106
95191522.000000000
1719441.778246815
3254149.004190069
1719441.778246815
6946130.322101136
3220566.186633789
Case #44:
54997.115222818
848.816823584
Case #45:
45633.649777330
45633.649777330
260303749.000000000
260303749.000000000
8.000000000
260303749.000000000
45633.649777330
45633.649777330
8.000000000
45633.649777330
Case #46:
3398.337531762
9.000000000
Case #47:
1397461.703746194
64353.026979036
513916426.088553550
266309.114173191
2886832.361768737
1035188.507558534
316596.172399528
621561.021774839
76613.416775393
7037.483517248
Case #48:
5989641.592548337
5989641.592548337
5.477225575
729962.124036487
10.000000000
2484738.023555352
598260.804693797
5767622.642799011
2484738.023555352
Case #49:
39567.294170817
391392692.000000000
1128541.601863972
Case #50:
131.556071696
24074.035554127
575.671781487
Case #51:
94838.632105990
94838.632105990
94838.632105990
2325367.000000000
94838.632105990
3.000000000
2325367.000000000
3.000000000
Case #52:
18833.424011581
4.000000000
Case #53:
5399.976253616
2545.587879781
3485.153954178
521.919534028
2652170.902895211
3489.634899239
7.000000000
7223.686320624
90800.000000000
116157119.000000000
Case #54:
32990296.000000000
32990296.000000000
32990296.000000000
32990296.000000000
Case #55:
5160.177735594
555.401035250
61694.061991410
61858.687975094
3546.528122830
2350.281877401
10591.130240045
3546.528122830
Case #56:
20348.000000000
20348.000000000
20348.000000000
20348.000000000
20348.000000000
20348.000000000
20348.000000000
20348.000000000
Case #57:
498.770488301
41462.000000000
Case #58:
87211.030886897
39670.256117537
18006.000000000
26182.110435594
241822.582410639
40066.999831462
44829.926340944
49170.608934606
421651.909355205
44829.926340944
Case #59:
8.000000000
8.000000000
8.000000000
8.000000000
8.000000000
8.000000000
8.000000000
8.000000000
8.000000000
8.000000000
Case #60:
5.196152423
62.641959980
202.405533521
3.000000000
202.405533521
5.196152423
Case #61:
616111.110093835
134740.001013615
327.728546209
134740.001013615
1360145.907244678
21823644.000000000
134740.001013615
Case #62:
301736182.000000000
51093.000000000
3926398.699435145
3926398.699435145
3926398.699435145
3926398.699435145
670640.147816837
Case #63:
619119589.000000000
619119589.000000000
619119589.000000000
619119589.000000000
619119589.000000000
619119589.000000000
619119589.000000000
619119589.000000000
Case #64:
29558895.318503010
351764081.000000000
309197.682935252
29558895.318503010
21885.000000000
Case #65:
1.000000000
2.000000000
Case #66:
5.196152423
74870.936417277
74870.936417277
59.474383429
525.992395382
3037.611148478
298.137793333
3037.611148478
122.992827979
Case #67:
473.898723358
Case #68:
143566833.572374850
358910043.000000000
57427860.000000000
1058877.489910896
Case #69:
5.477225575
5078.612761456
6.513555624
Case #70:
263662942.000000000
109.577997430
5434.638464355
362.731305514
63071.317443034
Case #71:
29533.000000000
112.335304690
486.069953813
519.921147868
4394753.243964496
116489.813249055
519.921147868
8342.766538004
425547.443829547
486.069953813
Case #72:
50360.018757453
7032147.148458720
60153.074730670
9.000000000
271718.818176855
647693834.985873200
7087.472607256
50360.018757453
379.340017188
63311.143915174
Case #73:
966042002.000000000
966042002.000000000
966042002.000000000
966042002.000000000
966042002.000000000
966042002.000000000
Case #74:
42696.740297123
42696.740297123
42696.740297123
34728.000000000
42696.740297123
42696.740297123
34728.000000000
42696.740297123
42696.740297123
Case #75:
64019.000000000
9717.159958229
663.113112523
572.088382946
792.571763312
119.469883811
10.000000000
3159.415581182
608.187471098
412.940673705
Case #76:
10075.124086911
6286.621831888
3460.211174421
696.260356602
4234.284593957
1893.612983986
132.964620208
5239516.803765782
91026.722175414
50401.990926350
Case #77:
183.854189867
82838.000000000
31.055964211
31.055964211
14.249635758
241.118228262
681.985337086
1968.996224527
3.000000000
1968.996224527
Case #78:
991701780.000000000
Case #79:
8.000000000
8.000000000
8.000000000
8.000000000
8.000000000
8.000000000
8.000000000
8.000000000
8.000000000
Case #80:
36715.875585365
645623.445844151
28258.235896814
645623.445844151
645623.445844151
Case #81:
480352553.978609000
Case #82:
55388.000000000
55388.000000000
55388.000000000
55388.000000000
Case #83:
995822.505145344
Case #84:
7.230426793
Case #85:
528.264138476
61983.262617506
2396.308994672
10973.171757818
49309.000000000
4277.797755913
7509.858839005
55051.537662449
628.070059786
4893.261385836
Case #86:
5724246.675327680
181.016573827
1.000000000
Case #87:
38867.644911932
1727.128354228
67.308152093
6207.726050410
318.816561678
7.000000000
3342.092758523
710.777039584
3118.581501659
62514.623997045
Case #88:
3196.266316937
Case #89:
18.470749309
110.021878095
91.181138400
268.663358127
Case #90:
471408699.000000000
483143938.658960460
386193197.757885400
431957061.116083150
Case #91:
85640109.045374100
Case #92:
6.324555320
687.684520692
687.684520692
155.819866592
5.000000000
6.324555320
6.324555320
687.684520692
8.000000000
94582.000000000
Case #93:
4408862.366066444
596.078853844
388055087.000000000
596.078853844
Case #94:
20857.483165521
30905.308702662
Case #95:
522295811.000000000
522295811.000000000
522295811.000000000
522295811.000000000
522295811.000000000
522295811.000000000
522295811.000000000
522295811.000000000
522295811.000000000
522295811.000000000
Case #96:
316192225.005275250
7716626.222837422
4596.000000000
316192225.005275250
Case #97:
11048.897469343
45515.950052284
6630282.897673070
132.962131416
Case #98:
11140.628938809
27556.734784336
36047.860079191
976567140.000000000
12307.672783751
736.131781680
33010.058916145
8066.326698610
34818.317184194
586.579296388
Case #99:
19055770.560729846
669698813.000000000
485056.560690540
Case #100:
4295.434934874
36179.034920113
